3 3
0 0.111111 0.111111 0.333333 -0.333333 -0.111111 0.333333 -0.111111 0.111111 
0.111111 0 0.333333 0.111111 -0.111111 0.111111 0.111111 -0.333333 -0.111111 
0.111111 0.333333 0 0.111111 -0.111111 0.111111 0.111111 -0.333333 -0.111111 
0.333333 0.111111 0.111111 0 -0.333333 -0.111111 0.333333 -0.111111 0.111111 
-0.333333 -0.111111 -0.111111 -0.333333 0 0.111111 -0.333333 0.111111 -0.111111 
-0.111111 0.111111 0.111111 -0.111111 0.111111 0 -0.111111 -0.111111 0.111111 
0.333333 0.111111 0.111111 0.333333 -0.333333 -0.111111 0 -0.111111 0.111111 
-0.111111 -0.333333 -0.333333 -0.111111 0.111111 -0.111111 -0.111111 0 0.111111 
0.111111 -0.111111 -0.111111 0.111111 -0.111111 0.111111 0.111111 0.111111 0 
1 1 1 1 -1 1 1 -1 1 
1 1 1 1 -1 -1 1 -1 -1 
1 -1 -1 1 -1 -1 1 1 1 
